Version 0.9.7
6
 4 6 278 77 128 0 1
 5 306 114 206 81 2 2
 0 123 219 877 276 8 3
 1 600 495 206 81 140 4
 6 594 88 449 130 150 6
 2 395 495 206 81 183 7
 1
32
 255 5 67 292 67 292 67 233 67 233 176 233 176 233 0 1 0 3
 255 5 943 233 943 233 1007 233 1007 480 943 480 943 480 0 3 0 3
 255 5 410 506 410 506 435 506 435 480 436 480 436 480 0 7 0 3
 0 5 67 391 67 391 67 467 67 467 176 467 176 467 0 1 0 3
 0 5 943 467 943 467 998 467 998 246 943 246 943 246 0 3 0 3
 0 5 527 285 527 285 527 285 527 246 527 246 527 246 0 3 0 3
 255 5 527 428 527 428 521 428 521 480 527 480 527 480 0 3 0 3
 0 5 553 467 553 467 553 467 553 428 553 428 553 428 0 3 0 3
 0 5 553 389 553 389 553 389 540 389 540 389 540 389 0 3 0 3
 0 5 423 467 423 467 410 467 410 467 410 564 410 564 0 3 0 7
 33023 5 488 389 488 389 488 389 501 389 501 389 501 389 0 3 0 3
 33023 5 501 428 501 428 501 460 482 460 482 506 470 506 0 3 0 7
 255 5 321 125 321 125 328 125 328 233 332 233 332 233 0 2 0 3
 16777215 5 475 285 475 285 470 285 470 151 479 151 479 151 0 3 0 2
 65793 5 321 183 321 183 300 183 300 246 293 246 293 246 0 2 0 3
 255 5 610 115 610 115 553 115 553 115 553 233 553 233 0 6 0 3
 16711680 5 371 389 371 389 371 389 397 389 397 389 397 389 0 3 0 3
 0 5 722 428 722 428 722 428 722 467 722 467 722 467 0 3 0 3
 255 5 631 285 631 285 626 285 626 233 631 233 631 233 0 3 0 3
 65793 5 615 564 615 564 598 564 598 467 605 467 605 467 0 4 0 3
 255 5 615 506 615 506 615 480 615 480 618 480 618 480 0 4 0 3
 65535 5 656 506 656 506 656 494 704 494 704 428 709 428 0 4 0 3
 65535 5 675 506 675 506 675 493 637 493 637 428 631 428 0 4 0 3
 65535 5 694 506 694 506 694 493 652 493 652 428 644 428 0 4 0 3
 65535 5 713 506 713 495 705 495 705 428 696 428 696 428 0 4 0 3
 65280 5 670 285 665 285 665 225 735 225 735 211 735 211 0 3 0 6
 65280 5 683 285 676 285 676 225 748 225 748 211 748 211 0 3 0 6
 65280 5 696 285 689 285 689 226 761 226 761 211 761 211 0 3 0 6
 65280 5 709 285 703 285 703 226 774 226 774 211 774 211 0 3 0 6
 65280 5 722 285 716 285 716 227 787 227 787 211 787 211 0 3 0 6
 65280 5 644 285 639 285 639 226 800 226 800 211 800 211 0 3 0 6
 65280 5 657 285 651 285 651 226 813 226 813 211 813 211 0 3 0 6
2
 7090 1 14 469 337 5 0 0 14992 3
 7047 1 16 625 337 5 0 0 14992 3
